a=4.0 b=2.8284271247461903 c=2.8284271247461903
a=4.123105625617661 b=4.123105625617661 c=1.9999999999999998